h900
  base                    +0    +0    +0    +0    +0 med +0
  np-c64                 -18   -65   -18   -12   -22 med -18
  npilp-c64              -10   -69   -19   -14   -36 med -19
  d128-r                +614  +567  +642  +606  +581 med +606
  d128-np               +592  +566  +584  +597  +561 med +584
  d128-npilp            +588  +548  +568  +609  +538 med +568
  d64-r                 +351  +353  +377  +366  +327 med +353
  d64-np                +343  +334  +356  +347  +308 med +343
  d64-npilp             +330  +333  +335  +339  +295 med +333
  base2                   +0    +0    +0    +0    +0 med +0
  npilp-swin             +30    +2   -14    +1   -33 med +1
  npilp-vit               -9   -19   -29    -2   -44 med -19
  dvc-r                 +188  +192  +172  +178  +161 med +178
  dvc-npilp             +173  +172  +146  +177  +150 med +172
  dvq-r                 +337  +376  +309  +325  +334 med +334
  dvq-npilp             +332  +320  +276  +315  +318 med +318
  base3                   +0    +0    +0    +0    +0 med +0
  npilp-mh               +94   +76   +38   +73   +78 med +76
  dmp-r                 +185  +189  +143  +168  +183 med +183
  dmp-npilp             +265  +255  +234  +264  +266 med +264
  dmf-r                 +250  +232  +203  +233  +239 med +233
  dmf-npilp             +382  +396  +352  +407  +387 med +387
  dmo-r                 +500  +505  +465  +508  +505 med +505
  dmo-npilp             +645  +658  +625  +657  +624 med +645
  base4                   +0    +0    +0    +0    +0 med +0
h1080
  base                    +0    +0    +0    +0    +0 med +0
  np-c64                 -11   -23    +0   -13    -8 med -11
  npilp-c64              +57   +57   +66   +64   +53 med +57
  d128-r                +855  +859  +856  +862  +849 med +856
  d128-np               +838  +837  +847  +853  +849 med +847
  d128-npilp            +900  +898  +869  +911  +908 med +900
  d64-r                 +505  +500  +504  +510  +514 med +505
  d64-np                +501  +489  +502  +495  +506 med +501
  d64-npilp             +553  +558  +566  +558  +550 med +558
  base2                   +0    +0    +0    +0    +0 med +0
  npilp-swin              -2    -5    +1   +29   +12 med +1
  npilp-vit              -29   -25   -19    +2    -2 med -19
  dvc-r                 +278  +286  +276  +294  +283 med +283
  dvc-npilp             +233  +258  +249  +267  +276 med +258
  dvq-r                 +337  +285  +337  +335  +351 med +337
  dvq-npilp             +310  +302  +321  +303  +303 med +303
  base3                   +0    +0    +0    +0    +0 med +0
  npilp-mh                +6   -12   +23   -13   -10 med -10
  dmp-r                 +322  +291  +296  +292  +283 med +292
  dmp-npilp             +285  +272  +282  +283  +273 med +282
  dmf-r                  +20   -16    -1    -4    +4 med -1
  dmf-npilp               -4    +1    +4   +30    +6 med +4
  dmo-r                 +430  +429  +426  +433  +402 med +429
  dmo-npilp             +420  +402  +392  +403  +407 med +403
  base4                   +0    +0    +0    +0    +0 med +0
