h900
  base                    +0    +0    +0    +0    +0 med +0
  L23bf-vit             +112  +110  +111  +103  +121 med +111
  L23bf-mh              +360  +369  +364  +371  +372 med +369
  dvq-r                 +338  +343  +343  +333  +346 med +343
  dvq-23                +425  +420  +432  +419  +441 med +425
  dvc-r                 +181  +199  +191  +181  +199 med +191
  dvc-23                +351  +354  +356  +349 med +353
  base2                   +0    +0    +0    +0 med +0
  dvp-r                  +63   +71   +72   +86 med +71
  dvp-23                +195  +201  +220  +239 med +210
  dmf-r                 +233  +231  +231  +231 med +231
  dmf-23                +861  +882  +877  +874 med +875
  dmo-r                 +495  +504  +498  +493 med +496
  dmo-23               +1188 +1169 +1175 +1185 med +1180
  base3                   +0    +0    +0    +0 med +0
h1080
  base                    +0    +0    +0    +0 med +0
  L23bf-vit             +140  +141  +152  +159 med +146
  L23bf-mh               +86   +96   +80  +112 med +91
  dvq-r                 +332  +334  +332  +336 med +333
  dvq-23                +473  +466  +465  +482 med +469
  dvc-r                 +269  +273  +280  +262 med +271
  dvc-23                +441  +444  +447  +443 med +443
  base2                   +0    +0    +0    +0 med +0
  dvp-r                  +91   +86   +87  +152 med +89
  dvp-23                +254  +245  +265  +261 med +257
  dmf-r                   +7   +36   -28   +22 med +14
  dmf-23                +100   +96   +75  +104 med +98
  dmo-r                 +414  +421  +381  +414 med +414
  dmo-23                +616  +594  +584  +602 med +598
  base3                   +0    +0    +0    +0 med +0
